0.0	0.0	40625000.0
0.0	25.0	40625000.0
0.0	50.0	40625000.0
0.0	75.0	40625000.0
0.0	100.0	40625000.0
0.0	125.0	40625000.0
0.0	150.0	40625000.0
0.0	175.0	40625000.0
0.0	200.0	40625000.0
0.0	225.0	40625000.0
0.0	250.0	40625000.0
0.0	275.0	40625000.0
0.0	300.0	40625000.0
0.0	325.0	40625000.0
0.0	350.0	40625000.0
0.0	375.0	40625000.0
0.0	400.0	40625000.0
0.0	425.0	40625000.0
0.0	450.0	40625000.0
0.0	475.0	40625000.0
0.0	500.0	40625000.0
0.0	525.0	40625000.0
0.0	550.0	40625000.0
0.0	575.0	40625000.0
0.0	600.0	40625000.0
0.0	625.0	40625000.0
0.0	650.0	40625000.0
0.0	675.0	40625000.0
0.0	700.0	40625000.0
0.0	725.0	40625000.0
0.0	750.0	40625000.0
0.0	775.0	40625000.0
0.0	800.0	40625000.0
1.0	0.0	40625000.0
1.0	25.0	40625000.0
1.0	50.0	40625000.0
1.0	75.0	40625000.0
1.0	100.0	40625000.0
1.0	125.0	40625000.0
1.0	150.0	40625000.0
1.0	175.0	40625000.0
1.0	200.0	40625000.0
1.0	225.0	40625000.0
1.0	250.0	40625000.0
1.0	275.0	40625000.0
1.0	300.0	40625000.0
1.0	325.0	40625000.0
1.0	350.0	40625000.0
1.0	375.0	40625000.0
1.0	400.0	40625000.0
1.0	425.0	40625000.0
1.0	450.0	40625000.0
1.0	475.0	40625000.0
1.0	500.0	40625000.0
1.0	525.0	40625000.0
1.0	550.0	40625000.0
1.0	575.0	40625000.0
1.0	600.0	40625000.0
1.0	625.0	40625000.0
1.0	650.0	40625000.0
1.0	675.0	40625000.0
1.0	700.0	40625000.0
1.0	725.0	40625000.0
1.0	750.0	40625000.0
1.0	775.0	40625000.0
1.0	800.0	40625000.0
2.0	0.0	40625000.0
2.0	25.0	40625000.0
2.0	50.0	40625000.0
2.0	75.0	40625000.0
2.0	100.0	40625000.0
2.0	125.0	40625000.0
2.0	150.0	40625000.0
2.0	175.0	40625000.0
2.0	200.0	40625000.0
2.0	225.0	40625000.0
2.0	250.0	40625000.0
2.0	275.0	40625000.0
2.0	300.0	40625000.0
2.0	325.0	40625000.0
2.0	350.0	40625000.0
2.0	375.0	40625000.0
2.0	400.0	40625000.0
2.0	425.0	40625000.0
2.0	450.0	40625000.0
2.0	475.0	40625000.0
2.0	500.0	40625000.0
2.0	525.0	40625000.0
2.0	550.0	40625000.0
2.0	575.0	40625000.0
2.0	600.0	40625000.0
2.0	625.0	40625000.0
2.0	650.0	40625000.0
2.0	675.0	40625000.0
2.0	700.0	40625000.0
2.0	725.0	40625000.0
2.0	750.0	40625000.0
2.0	775.0	40625000.0
2.0	800.0	40625000.0
3.0	0.0	40625000.0
3.0	25.0	40625000.0
3.0	50.0	40625000.0
3.0	75.0	40625000.0
3.0	100.0	40625000.0
3.0	125.0	40625000.0
3.0	150.0	40625000.0
3.0	175.0	40625000.0
3.0	200.0	40625000.0
3.0	225.0	40625000.0
3.0	250.0	40625000.0
3.0	275.0	40625000.0
3.0	300.0	40625000.0
3.0	325.0	40625000.0
3.0	350.0	40625000.0
3.0	375.0	40625000.0
3.0	400.0	40625000.0
3.0	425.0	40625000.0
3.0	450.0	40625000.0
3.0	475.0	40625000.0
3.0	500.0	40625000.0
3.0	525.0	40625000.0
3.0	550.0	40625000.0
3.0	575.0	40625000.0
3.0	600.0	40625000.0
3.0	625.0	40625000.0
3.0	650.0	40625000.0
3.0	675.0	40625000.0
3.0	700.0	40625000.0
3.0	725.0	40625000.0
3.0	750.0	40625000.0
3.0	775.0	40625000.0
3.0	800.0	40625000.0
4.0	0.0	40625000.0
4.0	25.0	40625000.0
4.0	50.0	40625000.0
4.0	75.0	40625000.0
4.0	100.0	40625000.0
4.0	125.0	40625000.0
4.0	150.0	40625000.0
4.0	175.0	40625000.0
4.0	200.0	40625000.0
4.0	225.0	40625000.0
4.0	250.0	40625000.0
4.0	275.0	40625000.0
4.0	300.0	40625000.0
4.0	325.0	40625000.0
4.0	350.0	40625000.0
4.0	375.0	40625000.0
4.0	400.0	40625000.0
4.0	425.0	40625000.0
4.0	450.0	40625000.0
4.0	475.0	40625000.0
4.0	500.0	40625000.0
4.0	525.0	40625000.0
4.0	550.0	40625000.0
4.0	575.0	40625000.0
4.0	600.0	40625000.0
4.0	625.0	40625000.0
4.0	650.0	40625000.0
4.0	675.0	40625000.0
4.0	700.0	40625000.0
4.0	725.0	40625000.0
4.0	750.0	40625000.0
4.0	775.0	40625000.0
4.0	800.0	40625000.0
5.0	0.0	40625000.0
5.0	25.0	40625000.0
5.0	50.0	40625000.0
5.0	75.0	40625000.0
5.0	100.0	40625000.0
5.0	125.0	40625000.0
5.0	150.0	40625000.0
5.0	175.0	40625000.0
5.0	200.0	40625000.0
5.0	225.0	40625000.0
5.0	250.0	40625000.0
5.0	275.0	40625000.0
5.0	300.0	40625000.0
5.0	325.0	40625000.0
5.0	350.0	40625000.0
5.0	375.0	40625000.0
5.0	400.0	40625000.0
5.0	425.0	40625000.0
5.0	450.0	40625000.0
5.0	475.0	40625000.0
5.0	500.0	40625000.0
5.0	525.0	40625000.0
5.0	550.0	40625000.0
5.0	575.0	40625000.0
5.0	600.0	40625000.0
5.0	625.0	40625000.0
5.0	650.0	40625000.0
5.0	675.0	40625000.0
5.0	700.0	40625000.0
5.0	725.0	40625000.0
5.0	750.0	40625000.0
5.0	775.0	40625000.0
5.0	800.0	40625000.0
6.0	0.0	40625000.0
6.0	25.0	40625000.0
6.0	50.0	40625000.0
6.0	75.0	40625000.0
6.0	100.0	40625000.0
6.0	125.0	40625000.0
6.0	150.0	40625000.0
6.0	175.0	40625000.0
6.0	200.0	40625000.0
6.0	225.0	40625000.0
6.0	250.0	40625000.0
6.0	275.0	40625000.0
6.0	300.0	40625000.0
6.0	325.0	40625000.0
6.0	350.0	40625000.0
6.0	375.0	40625000.0
6.0	400.0	40625000.0
6.0	425.0	40625000.0
6.0	450.0	40625000.0
6.0	475.0	40625000.0
6.0	500.0	40625000.0
6.0	525.0	40625000.0
6.0	550.0	40625000.0
6.0	575.0	40625000.0
6.0	600.0	40625000.0
6.0	625.0	40625000.0
6.0	650.0	40625000.0
6.0	675.0	40625000.0
6.0	700.0	40625000.0
6.0	725.0	40625000.0
6.0	750.0	40625000.0
6.0	775.0	40625000.0
6.0	800.0	40625000.0
7.0	0.0	40625000.0
7.0	25.0	40625000.0
7.0	50.0	40625000.0
7.0	75.0	40625000.0
7.0	100.0	40625000.0
7.0	125.0	40625000.0
7.0	150.0	40625000.0
7.0	175.0	40625000.0
7.0	200.0	40625000.0
7.0	225.0	40625000.0
7.0	250.0	40625000.0
7.0	275.0	40625000.0
7.0	300.0	40625000.0
7.0	325.0	40625000.0
7.0	350.0	40625000.0
7.0	375.0	40625000.0
7.0	400.0	40625000.0
7.0	425.0	40625000.0
7.0	450.0	40625000.0
7.0	475.0	40625000.0
7.0	500.0	40625000.0
7.0	525.0	40625000.0
7.0	550.0	40625000.0
7.0	575.0	40625000.0
7.0	600.0	40625000.0
7.0	625.0	40625000.0
7.0	650.0	40625000.0
7.0	675.0	40625000.0
7.0	700.0	40625000.0
7.0	725.0	40625000.0
7.0	750.0	40625000.0
7.0	775.0	40625000.0
7.0	800.0	40625000.0
8.0	0.0	40625000.0
8.0	25.0	40625000.0
8.0	50.0	40625000.0
8.0	75.0	40625000.0
8.0	100.0	40625000.0
8.0	125.0	40625000.0
8.0	150.0	40625000.0
8.0	175.0	40625000.0
8.0	200.0	40625000.0
8.0	225.0	40625000.0
8.0	250.0	40625000.0
8.0	275.0	40625000.0
8.0	300.0	40625000.0
8.0	325.0	40625000.0
8.0	350.0	40625000.0
8.0	375.0	40625000.0
8.0	400.0	40625000.0
8.0	425.0	40625000.0
8.0	450.0	40625000.0
8.0	475.0	40625000.0
8.0	500.0	40625000.0
8.0	525.0	40625000.0
8.0	550.0	40625000.0
8.0	575.0	40625000.0
8.0	600.0	40625000.0
8.0	625.0	40625000.0
8.0	650.0	40625000.0
8.0	675.0	40625000.0
8.0	700.0	40625000.0
8.0	725.0	40625000.0
8.0	750.0	40625000.0
8.0	775.0	40625000.0
8.0	800.0	40625000.0
